tileswide 10
tileshigh 10
tilewidth 32
tileheight 32

layer 0
7,5,5,5,5,5,5,5,5,6,
1,8,8,8,8,8,8,8,8,4,
1,8,9,9,9,9,9,9,8,4,
1,8,9,10,10,10,10,9,8,4,
1,8,9,10,11,11,10,9,8,4,
1,8,9,10,11,11,10,9,8,4,
1,8,9,10,10,10,10,9,8,4,
1,8,9,9,9,9,9,9,8,4,
1,8,8,8,8,8,8,8,8,4,
0,2,2,2,2,2,2,2,2,3,

layer 1
12,12,12,12,12,12,12,12,12,12,
12,-1,-1,-1,-1,-1,-1,-1,-1,12,
12,-1,-1,-1,-1,-1,-1,-1,-1,12,
12,-1,-1,-1,-1,-1,-1,-1,-1,12,
12,-1,-1,-1,-1,-1,-1,-1,-1,12,
12,-1,-1,-1,-1,-1,-1,-1,-1,12,
12,-1,-1,-1,-1,-1,-1,-1,-1,12,
12,-1,-1,-1,-1,-1,-1,-1,-1,12,
12,-1,-1,-1,-1,-1,-1,-1,-1,12,
12,12,12,12,12,12,12,12,12,12,

